$object "" {
 #version 1.0
 #tag MergeMeshes "1"
 #tag Coords "XZY"
 #tag Scale "1.000000"
 $node "Scene_Root" {
  $frame {
    1 0 0
    0 1 0
    0 0 1
    0 0 0
   
  }
  $node "v_root" {
   $frame {
     1 0 0
     0 1 0
     0 0 1
     0 0 0
    
   }
   $node "v_body" {
    $frame {
      1 0 0
      0 1 0
      0 0 1
      0 0.908874 0.9
     
    }
    $node "v_door_L01" {
     $frame {
       1 0 0
       0 1 0
       0 0 1
       -1.2846924 1.6540815 2.3022695
      
     }
    }
    $node "v_door_R01" {
     $frame {
       1 0 0
       0 1 0
       0 0 1
       1.2846979 1.6540781 2.302258
      
     }
    }
    $node "v_steering_wheel" {
     $frame {
       1 0 0
       -0 0.86745 -0.49753
       0 0.49753 0.86745
       -0.9036816 2.1530941 1.9477307
      
     }
    }
    $node "v_dashboard_rpm" {
     $frame {
       0.87041 0.34766 0.34859
       -0.49233 0.6157 0.61525
       -0.00073 -0.70714 0.70708
       -0.9629199 2.0388806 2.1662538
      
     }
    }
    $node "v_dashboard_speed" {
     $frame {
       0.99541 -0.06819 -0.06717
       0.09571 0.70378 0.70394
       -0.00073 -0.70714 0.70708
       -0.851204 2.038877 2.1662509
      
     }
    }
    $node "v_dashboard_fuel" {
     $frame {
       0.08837 0.70426 0.70442
       -0.99609 0.06299 0.06198
       -0.00072 -0.70714 0.70707
       -0.7607241 2.036315 2.1645176
      
     }
    }
    $node "v_dashboard_ammeter" {
     $frame {
       -0.65071 0.53724 0.53661
       -0.75932 -0.45972 -0.46053
       -0.00073 -0.70713 0.70708
       -0.7607242 2.0796084 2.2078116
      
     }
    }
    $node "v_dashboard_ammeter.001" {
     $frame {
       -0.65071 0.53724 0.53661
       -0.75932 -0.45972 -0.46053
       -0.00073 -0.70713 0.70708
       -0.6975465 2.0790601 2.2072637
      
     }
    }
    $node "v_dashboard_coolant_temp" {
     $frame {
       0.34622 0.66317 0.66358
       -0.93815 0.24528 0.24434
       -0.00072 -0.70714 0.70707
       -1.0176753 2.1033106 2.2315133
      
     }
    }
    $node "v_dashboard_oil_pressure" {
     $frame {
       0.34621 0.66317 0.66358
       -0.93816 0.24528 0.24434
       -0.00073 -0.70714 0.70707
       -0.9498773 2.1033108 2.2315133
      
     }
    }
    $node "v_dashboard_oil_temp" {
     $frame {
       0.64337 0.54098 0.54168
       -0.76556 0.45531 0.45455
       -0.00074 -0.70713 0.70708
       -0.8126747 2.1033108 2.2315137
      
     }
    }
    $node "v_dashboard_oil_temp.001" {
     $frame {
       0.64337 0.54098 0.54168
       -0.76556 0.45531 0.45455
       -0.00074 -0.70713 0.70708
       -0.8776627 2.1033111 2.2315137
      
     }
    }
   }
   $node "v_axle_01" {
    $frame {
      1 0 0
      0 1 0
      0 0 1
      0.0000744 0.738466 3.7357585
     
    }
    $node "v_wheel_L01_rotator" {
     $frame {
       1 0 0
       0 1 0
       0 0 1
       -0.7884758 -0.002174 -0.0816276
      
     }
     $node "v_wheel_L01" {
      $frame {
        1 0 0
        0 1 0
        0 0 1
        -0.2881306 0.0019252 -0.063904
       
      }
     }
    }
    $node "v_wheel_R01_rotator" {
     $frame {
       1 0 0
       0 1 0
       0 0 1
       0.788327 -0.002174 -0.0816276
      
     }
     $node "v_wheel_R01" {
      $frame {
        1 0 0
        0 1 0
        0 0 1
        0.2949457 0.001922 -0.0639057
       
      }
     }
    }
   }
   $node "v_axle_02" {
    $frame {
      1 0 0
      0 1 0
      0 0 1
      0.0000309 0.7389603 -0.7374847
     
    }
    $node "v_wheel_L02" {
     $frame {
       1 0 0
       0 1 0
       0 0 1
       -1.0851673 -0.0020597 -0.0045246
      
     }
    }
    $node "v_wheel_R02" {
     $frame {
       1 0 0
       0 1 0
       0 0 1
       1.0842792 -0.0020835 -0.004509
      
     }
    }
   }
   $node "v_axle_03" {
    $frame {
      1 0 0
      0 1 0
      0 0 1
      0.0000309 0.7389606 -2.422538
     
    }
    $node "v_wheel_L03" {
     $frame {
       1 0 0
       0 1 0
       0 0 1
       -1.0851675 -0.0020598 -0.0031178
      
     }
    }
    $node "v_wheel_R03" {
     $frame {
       1 0 0
       0 1 0
       0 0 1
       1.0747116 -0.002063 -0.0031195
      
     }
    }
   }
   $node "v_axle_04" {
    $frame {
      1 0 0
      0 1 0
      0 0 1
      -0.0029414 0.7385786 -4.1093569
     
    }
    $node "v_wheel_L04_rotator" {
     $frame {
       1 0 0
       0 1 0
       0 0 1
       -0.7865061 -0.0022852 0.0012903
      
     }
     $node "v_wheel_L04" {
      $frame {
        1 0 0
        0 1 0
        0 0 1
        -0.295689 0.000652 0.000308
       
      }
     }
    }
    $node "v_wheel_R04_rotator" {
     $frame {
       1 0 0
       0 1 0
       0 0 1
       0.7923889 -0.0022852 0.0012903
      
     }
     $node "v_wheel_R04" {
      $frame {
        1 0 0
        0 1 0
        0 0 1
        0.2948626 0.0074013 0.0005312
       
      }
     }
    }
   }
  }
  $node "driver_idle" {
   $frame {
     1 0 0
     0 1 0
     0 0 1
     -0.9066139 2.5549197 2.2161126
    
   }
  }
  $node "codriver_idle" {
   $frame {
     1 0 0
     0 1 0
     0 0 1
     0.9006848 2.5549197 2.4161124
    
   }
  }
  $node "passengerL_idle" {
   $frame {
     1 0 0
     0 1 0
     0 0 1
     -0.726453 2.4649119 1.4106146
    
   }
  }
  $node "passengerR_idle" {
   $frame {
     1 0 0
     0 1 0
     0 0 1
     0.6979712 2.4649119 1.4106146
    
   }
  }
  $node "passengerM_idle" {
   $frame {
     1 0 0
     0 1 0
     0 0 1
     0.0097949 2.4649119 1.4106146
    
   }
  }
 }
 $materials {
  $material "glass" {
   #UVset 0
  }
 }
 $colliders {
  $mesh "UTM_m1070_glass_door_R_1" {
   #parent "v_root"
   $frame {
     1 0 0
     0 1 0
     0 -0 1
     1.2706064 3.1780884 2.4344015
    
   }
   #weight 0
   #material "Glass_4mm_min_94B76D276C6A1DE3"
   #layers "FireGeo"
   $faces {
     0 3 0 1 2
     0 3 3 4 5
     0 3 2 6 0
     0 3 5 2 1
     0 3 7 5 1
     0 3 6 7 0
     0 3 0 7 1
     0 3 3 6 4
     0 3 2 4 6
     0 3 5 4 2
     0 3 7 3 5
     0 3 6 3 7
   }
   $faceVerts {
     0 -1
     1 -1
     2 -1
     3 -1
     4 -1
     5 -1
     6 -1
     7 -1
   }
   $verts {
     0.002447 -0.274674 0.331563 0
     0.00215 0.274676 -0.331564 0
     0.002155 -0.274675 -0.331564 0
     -0.002299 0.274674 0.331563 0
     -0.002299 -0.274675 -0.331562 0
     -0.002304 0.274674 -0.331563 0
     -0.002007 -0.274675 0.331564 0
     0.002156 0.274676 0.331563 0
   }
  }
 }
 $lod 0 {
  #lodFactor 0.5
  $bones {
    "v_door_R01"
  }
  $mesh "Osh_m1070_glass_door_R_1" {
   #texCoords 1
   $faces {
     0 3 0 1 2
     0 3 3 4 5
     0 3 6 7 8
     0 3 9 10 11
     0 3 12 13 14
     0 3 15 16 17
     0 3 18 19 20
     0 3 21 22 23
     0 3 24 25 26
     0 3 27 28 29
     0 3 30 31 32
     0 3 33 34 35
   }
   $faceVerts {
     1 0 0
     0 1 1
     2 2 2
     4 3 3
     5 4 4
     7 5 5
     2 6 6
     6 7 7
     1 8 8
     0 9 9
     1 10 8
     4 11 10
     0 12 11
     4 13 12
     3 14 13
     2 15 14
     3 16 13
     6 17 15
     0 1 1
     3 18 16
     2 2 2
     5 4 4
     6 19 17
     7 5 5
     6 7 7
     5 20 18
     1 8 8
     1 10 8
     5 21 18
     4 11 10
     4 13 12
     7 22 19
     3 14 13
     3 16 13
     7 23 19
     6 17 15
   }
   $verts {
     1.272757 3.452764 2.102837 1 0 1
     1.272762 2.903413 2.102837 1 0 1
     1.273053 2.903414 2.765964 1 0 1
     1.272762 3.452765 2.765965 1 0 1
     1.268303 3.452763 2.102839 1 0 1
     1.268308 2.903413 2.102839 1 0 1
     1.268599 2.903413 2.765965 1 0 1
     1.268308 3.452762 2.765965 1 0 1
   }
   $texCoords {
     0.56328 1
     0.56328 0.74056
     0.87645 1
     0.87671 0.74031
     0.87672 0.99975
     0.56355 0.74031
     0.57701 0.10193
     0.57701 0.10403
     0.26385 0.10193
     0.00441 0.10193
     0.00441 0.10403
     0.57903 0.09264
     0.57903 0.09474
     0.26587 0.09264
     0.00643 0.09264
     0.00643 0.09474
     0.87645 0.74056
     0.56355 0.99975
     0.26385 0.10403
     0.26587 0.09474
   }
   $normals {
     1 0 -0.0004
     1 0.0002 -0.0002
     1 0.0003 -0.0002
     -1 -0 0
     -1 -0.0002 0.0002
     -1 -0.0003 0.0002
     0.0003 -1 0
     0.0003 -1 0
     0 -1 -0
     -0.0004 0 -1
     -0.0004 0 -1
     -0.0004 0 -1
     -0.0003 1 -0
     -0.0003 1 -0
     -0.0005 1 0
     0.0002 -0 1
     0.0001 -0 1
     0.0002 -0 1
     1 0.0005 -0
     -1 -0.0005 0.0004
     0 -1 -0
     -0.0004 0 -1
     -0.0005 1 0
     0.0001 -0 1
   }
  }
 }
}
